Problem INP: c-fat200-1.clq
Obj: 12
Nodes: {162, 163, 199, 200, 14, 15, 51, 52, 88, 89, 125, 126}
Time elapsed second: 0.10261106491088867
Time elapsed minutes: 0.001710184415181478

Problem INP: c-fat200-2.clq
Obj: 24
Nodes: {128, 1, 2, 199, 200, 73, 74, 145, 146, 19, 20, 91, 92, 163, 164, 37, 38, 109, 110, 181, 182, 55, 56, 127}
Time elapsed second: 0.06564855575561523
Time elapsed minutes: 0.0010941425959269206

Problem INP: c-fat200-5.clq
Obj: 58
Nodes: {129, 130, 3, 4, 136, 137, 10, 11, 143, 144, 17, 18, 150, 151, 24, 25, 157, 158, 31, 32, 164, 165, 38, 39, 171, 172, 45, 46, 178, 179, 52, 53, 185, 186, 59, 60, 192, 193, 66, 67, 199, 200, 73, 74, 80, 81, 87, 88, 94, 95, 101, 102, 108, 109, 115, 116, 122, 123}
Time elapsed second: 2.9257097244262695
Time elapsed minutes: 0.04876182874043782

Problem INP: c-fat500-1.clq
Obj: 14
Nodes: {99, 259, 419, 420, 100, 260, 19, 500, 179, 339, 499, 20, 180, 340}
Time elapsed second: 0.12859511375427246
Time elapsed minutes: 0.002143251895904541

Problem INP: c-fat500-10.clq
Obj: 126
Nodes: {3, 259, 260, 4, 11, 267, 12, 268, 19, 275, 20, 276, 27, 283, 28, 284, 35, 291, 36, 292, 43, 299, 300, 44, 51, 307, 308, 52, 59, 315, 60, 316, 67, 323, 68, 324, 75, 331, 76, 332, 83, 339, 84, 340, 91, 347, 92, 348, 99, 355, 100, 356, 107, 363, 364, 108, 115, 371, 372, 116, 379, 123, 124, 380, 131, 387, 132, 388, 139, 395, 396, 140, 147, 403, 404, 148, 155, 411, 156, 412, 163, 419, 420, 164, 171, 427, 428, 172, 179, 435, 436, 180, 187, 443, 188, 444, 195, 451, 196, 452, 203, 459, 460, 204, 211, 467, 468, 212, 219, 475, 220, 476, 227, 483, 484, 228, 235, 491, 236, 492, 243, 500, 499, 244, 251, 252}
Time elapsed second: 1.0282211303710938
Time elapsed minutes: 0.01713701883951823

Problem INP: c-fat500-2.clq
Obj: 26
Nodes: {259, 260, 139, 459, 140, 460, 19, 339, 20, 340, 219, 220, 419, 99, 420, 100, 59, 299, 300, 179, 500, 499, 180, 380, 379, 60}
Time elapsed second: 0.2729055881500244
Time elapsed minutes: 0.004548426469167074

Problem INP: c-fat500-5.clq
Obj: 64
Nodes: {259, 3, 131, 387, 132, 260, 388, 4, 19, 147, 275, 403, 148, 20, 404, 276, 35, 163, 291, 419, 164, 420, 36, 292, 435, 51, 179, 307, 180, 436, 52, 308, 67, 195, 323, 451, 452, 68, 196, 324, 83, 211, 339, 467, 212, 468, 340, 84, 99, 227, 355, 483, 356, 100, 484, 228, 115, 500, 243, 371, 499, 372, 116, 244}
Time elapsed second: 1.7713901996612549
Time elapsed minutes: 0.029523169994354247

Problem INP: MANN_a9.clq
Obj: 16
Nodes: {33, 34, 37, 5, 6, 40, 8, 10, 43, 9, 13, 16, 19, 22, 25, 28}
Time elapsed second: 0.11720085144042969
Time elapsed minutes: 0.0019533475240071613

Problem INP: hamming6-2.clq
Obj: 32
Nodes: {64, 1, 4, 6, 7, 10, 11, 13, 16, 18, 19, 21, 24, 25, 28, 30, 31, 34, 35, 37, 40, 41, 44, 46, 47, 49, 52, 54, 55, 58, 59, 61}
Time elapsed second: 0.005029439926147461
Time elapsed minutes: 8.382399876912434e-05

Problem INP: hamming6-4.clq
Obj: 4
Nodes: {40, 1, 28, 61}
Time elapsed second: 0.30670809745788574
Time elapsed minutes: 0.005111801624298096

Problem INP: gen200_p0.9_44.clq
Obj: 36
Nodes: {65, 2, 67, 133, 69, 199, 72, 136, 70, 75, 140, 137, 143, 79, 144, 15, 19, 86, 23, 88, 26, 27, 156, 162, 99, 35, 45, 174, 48, 49, 50, 177, 52, 179, 117, 126}
Time elapsed second: 8235.275022745132
Time elapsed minutes: 137.25458371241888
Stopped by timer

Problem INP: gen200_p0.9_55.clq
Obj: 55
Nodes: {129, 5, 6, 137, 12, 14, 15, 143, 144, 146, 19, 147, 21, 25, 26, 27, 30, 159, 33, 35, 36, 163, 164, 41, 175, 177, 182, 187, 62, 64, 192, 67, 69, 197, 198, 199, 73, 76, 77, 78, 79, 81, 82, 86, 88, 89, 91, 93, 96, 107, 111, 113, 116, 117, 123}
Time elapsed second: 7.618664503097534
Time elapsed minutes: 0.12697774171829224

Problem INP: san200_0.7_1.clq
Obj: 30.0
Nodes: {2, 131, 136, 138, 12, 141, 142, 16, 19, 150, 152, 157, 31, 160, 161, 163, 171, 172, 47, 175, 49, 176, 57, 196, 81, 98, 101, 111, 123}
Time elapsed second: 0.11509990692138672
Time elapsed minutes: 0.001918331782023112

Problem INP: san200_0.7_2.clq
Obj: 18
Nodes: {192, 4, 68, 70, 199, 13, 15, 149, 23, 26, 162, 164, 37, 111, 51, 179, 117, 180}
Time elapsed second: 618.5174465179443
Time elapsed minutes: 10.308624108632406

Problem INP: san200_0.9_1.clq
Obj: 70.0
Nodes: {1, 2, 5, 7, 8, 136, 11, 142, 15, 16, 146, 147, 21, 22, 23, 24, 151, 26, 27, 155, 158, 159, 32, 33, 160, 162, 163, 164, 38, 39, 40, 165, 167, 43, 170, 171, 172, 173, 48, 176, 53, 54, 183, 56, 186, 187, 60, 61, 62, 189, 193, 195, 68, 69, 198, 71, 200, 77, 80, 92, 93, 94, 104, 108, 109, 110, 119, 120, 121, 125}
Time elapsed second: 0.10496234893798828
Time elapsed minutes: 0.0017493724822998046

Problem INP: san200_0.9_2.clq
Obj: 60.0
Nodes: {129, 131, 4, 133, 135, 136, 10, 138, 12, 141, 15, 144, 17, 19, 149, 23, 24, 26, 30, 159, 160, 33, 161, 163, 37, 38, 165, 167, 168, 169, 170, 46, 174, 177, 51, 52, 179, 182, 56, 57, 58, 59, 186, 195, 196, 73, 74, 75, 76, 79, 83, 86, 88, 92, 94, 98, 99, 105, 112, 114}
Time elapsed second: 0.13197064399719238
Time elapsed minutes: 0.0021995107332865396

Problem INP: san200_0.9_3.clq
Obj: 34
Nodes: {2, 135, 10, 139, 12, 141, 145, 25, 30, 31, 160, 161, 162, 38, 167, 39, 171, 173, 55, 56, 185, 57, 59, 191, 193, 66, 76, 86, 88, 89, 91, 96, 107, 114}
Time elapsed second: 16045.052705287933
Time elapsed minutes: 267.4175450881322
Stopped by timer

Problem INP: sanr200_0.7.clq
Obj: 18.0
Nodes: {99, 4, 58, 39, 72, 154, 11, 109, 79, 17, 81, 20, 181, 153, 26, 158, 124, 126}
Time elapsed second: 17459.35753273964
Time elapsed minutes: 290.9892922123273
Stopped by timer

Problem INP: keller4.clq
Obj: 11
Nodes: {1, 129, 67, 100, 98, 8, 74, 13, 22, 152, 120}
Time elapsed second: 1376.4033052921295
Time elapsed minutes: 22.940055088202158

Problem INP: brock200_1.clq
Obj: 20.0
Nodes: {4, 138, 144, 145, 19, 26, 32, 38, 179, 185, 191, 67, 83, 95, 103, 108, 116, 121, 122, 125}
Time elapsed second: 14570.136301994324
Time elapsed minutes: 242.83560503323872
Stopped by timer

Problem INP: brock200_3.clq
Obj: 15.0
Nodes: {97, 98, 130, 36, 38, 104, 12, 173, 144, 178, 84, 118, 58, 29, 158}
Time elapsed second: 7392.746251583099
Time elapsed minutes: 123.21243752638499
Stopped by timer

Problem INP: brock200_4.clq
Obj: 17
Nodes: {192, 161, 65, 165, 38, 71, 139, 12, 79, 19, 93, 117, 54, 186, 28, 29, 127}
Time elapsed second: 8154.807799577713
Time elapsed minutes: 135.91346332629521
Stopped by timer

Problem INP: p_hat300-1.clq
Obj: 8
Nodes: {240, 208, 38, 250, 219, 268, 79, 159}
Time elapsed second: 519.076075553894
Time elapsed minutes: 8.651267925898233

Problem INP: p_hat300-2.clq
Obj: 25
Nodes: {259, 4, 199, 75, 139, 76, 205, 79, 273, 274, 281, 26, 219, 159, 165, 38, 231, 40, 296, 174, 48, 49, 56, 190, 255}
Time elapsed second: 394.4333505630493
Time elapsed minutes: 6.573889176050822

Problem INP: brock200_2.clq
Obj: 12.000000000000004
Nodes: {105, 55, 120, 183, 27, 158}
Time elapsed second: 3065.511619091034
Time elapsed minutes: 51.0918603181839

