Problem INP: c-fat200-1.clq
Obj: 12
Nodes: {162, 163, 199, 200, 14, 15, 51, 52, 88, 89, 125, 126}
Time elapsed second: 0.2109997272491455
Time elapsed minutes: 0.003516662120819092

    Problem INP: c-fat200-2.clq
Obj: 24
Nodes: {128, 1, 2, 199, 200, 73, 74, 145, 146, 19, 20, 91, 92, 163, 164, 37, 38, 109, 110, 181, 182, 55, 56, 127}
Time elapsed second: 0.28957557678222656
Time elapsed minutes: 0.004826259613037109

Problem INP: c-fat200-5.clq
Obj: 58
Nodes: {129, 130, 3, 4, 136, 137, 10, 11, 143, 144, 17, 18, 150, 151, 24, 25, 157, 158, 31, 32, 164, 165, 38, 39, 171, 172, 45, 46, 178, 179, 52, 53, 185, 186, 59, 60, 192, 193, 66, 67, 199, 200, 73, 74, 80, 81, 87, 88, 94, 95, 101, 102, 108, 109, 115, 116, 122, 123}
Time elapsed second: 8.927955865859985
Time elapsed minutes: 0.14879926443099975

Problem INP: c-fat500-1.clq
Obj: 14
Nodes: {99, 259, 419, 420, 100, 260, 19, 500, 179, 339, 499, 20, 180, 340}
Time elapsed second: 1.068892002105713
Time elapsed minutes: 0.01781486670176188

Problem INP: c-fat500-10.clq
Obj: 126
Nodes: {3, 259, 260, 4, 11, 267, 12, 268, 19, 275, 20, 276, 27, 283, 28, 284, 35, 291, 36, 292, 43, 299, 300, 44, 51, 307, 308, 52, 59, 315, 60, 316, 67, 323, 68, 324, 75, 331, 76, 332, 83, 339, 84, 340, 91, 347, 92, 348, 99, 355, 100, 356, 107, 363, 364, 108, 115, 371, 372, 116, 379, 123, 124, 380, 131, 387, 132, 388, 139, 395, 396, 140, 147, 403, 404, 148, 155, 411, 156, 412, 163, 419, 420, 164, 171, 427, 428, 172, 179, 435, 436, 180, 187, 443, 188, 444, 195, 451, 196, 452, 203, 459, 460, 204, 211, 467, 468, 212, 219, 475, 220, 476, 227, 483, 484, 228, 235, 491, 236, 492, 243, 500, 499, 244, 251, 252}
Time elapsed second: 1.4019570350646973
Time elapsed minutes: 0.02336595058441162

Problem INP: c-fat500-2.clq
Obj: 26
Nodes: {259, 260, 139, 459, 140, 460, 19, 339, 20, 340, 219, 220, 419, 99, 420, 100, 59, 299, 300, 179, 500, 499, 180, 380, 379, 60}
Time elapsed second: 1.345203161239624
Time elapsed minutes: 0.022420052687327066

Problem INP: c-fat500-5.clq
Obj: 64
Nodes: {259, 3, 131, 387, 132, 260, 388, 4, 19, 147, 275, 403, 148, 20, 404, 276, 35, 163, 291, 419, 164, 420, 36, 292, 435, 51, 179, 307, 180, 436, 52, 308, 67, 195, 323, 451, 452, 68, 196, 324, 83, 211, 339, 467, 212, 468, 340, 84, 99, 227, 355, 483, 356, 100, 484, 228, 115, 500, 243, 371, 499, 372, 116, 244}
Time elapsed second: 2.1830458641052246
Time elapsed minutes: 0.03638409773508708

Problem INP: MANN_a9.clq
Obj: 16
Nodes: {33, 34, 37, 5, 6, 40, 8, 10, 43, 9, 13, 16, 19, 22, 25, 28}
Time elapsed second: 0.1021122932434082
Time elapsed minutes: 0.0017018715540568035

Problem INP: hamming6-2.clq
Obj: 32
Nodes: {64, 1, 4, 6, 7, 10, 11, 13, 16, 18, 19, 21, 24, 25, 28, 30, 31, 34, 35, 37, 40, 41, 44, 46, 47, 49, 52, 54, 55, 58, 59, 61}
Time elapsed second: 0.0040073394775390625
Time elapsed minutes: 6.67889912923177e-05

Problem INP: hamming6-4.clq
Obj: 4
Nodes: {40, 1, 28, 61}
Time elapsed second: 0.835432767868042
Time elapsed minutes: 0.013923879464467366

Problem INP: gen200_p0.9_44.clq
Obj: 44.0
Nodes: [2, 13, 20, 29, 34, 38, 40, 46, 58, 65, 67, 72, 75, 81, 82, 84, 93, 94, 97, 100, 102, 105, 108, 117, 119, 120, 123, 127, 129, 132, 138, 141, 146, 149, 150, 151, 156, 166, 170, 180, 186, 190, 193, 195]
Time elapsed second: 7836.084524869919
Time elapsed minutes: 130.60140874783198

Problem INP: gen200_p0.9_55.clq
Obj: 55
Nodes: {129, 5, 6, 12, 14, 15, 143, 144, 146, 19, 147, 21, 25, 26, 27, 30, 159, 33, 163, 36, 164, 35, 41, 169, 175, 177, 182, 187, 62, 64, 192, 67, 69, 197, 199, 73, 76, 77, 78, 79, 81, 82, 86, 88, 89, 91, 93, 95, 96, 107, 111, 113, 116, 117, 123}
Time elapsed second: 10.044170618057251
Time elapsed minutes: 0.1674028436342875

Problem INP: san200_0.7_1.clq
Obj: 30.0
Nodes: [2, 12, 16, 19, 31, 47, 49, 57, 72, 81, 98, 101, 111, 123, 131, 136, 138, 141, 142, 150, 152, 157, 160, 161, 163, 171, 172, 175, 176, 196]
Time elapsed second: 0.14174270629882812
Time elapsed minutes: 0.002362378438313802

Problem INP: san200_0.7_2.clq
Obj: 18
Nodes: {192, 4, 68, 70, 199, 13, 15, 149, 23, 26, 162, 164, 37, 111, 51, 179, 117, 180}
Time elapsed second: 870.2723655700684
Time elapsed minutes: 14.504539426167806

Problem INP: san200_0.9_1.clq
Obj: 70.0
Nodes: [1, 2, 5, 7, 8, 11, 15, 16, 21, 22, 23, 24, 26, 27, 32, 33, 38, 39, 40, 43, 48, 53, 54, 56, 60, 61, 62, 68, 69, 71, 77, 80, 92, 93, 94, 104, 108, 109, 110, 119, 120, 121, 125, 136, 142, 146, 147, 151, 155, 158, 159, 160, 162, 163, 164, 165, 167, 170, 171, 172, 173, 176, 183, 186, 187, 189, 193, 195, 198, 200]
Time elapsed second: 0.052500009536743164
Time elapsed minutes: 0.0008750001589457195

Problem INP: san200_0.9_2.clq
Obj: 60.0
Nodes: [4, 10, 12, 15, 17, 19, 23, 24, 26, 30, 33, 37, 38, 46, 51, 52, 56, 57, 58, 59, 73, 74, 75, 76, 79, 83, 86, 88, 92, 94, 98, 99, 105, 112, 114, 129, 131, 133, 135, 136, 138, 141, 144, 149, 159, 160, 161, 163, 165, 167, 168, 169, 170, 174, 177, 179, 182, 186, 195, 196]
Time elapsed second: 0.06526923179626465
Time elapsed minutes: 0.001087820529937744

Problem INP: san200_0.9_3.clq
Obj: 44
Nodes: {131, 132, 8, 14, 142, 143, 147, 20, 148, 27, 159, 34, 37, 40, 44, 47, 49, 50, 177, 60, 188, 189, 67, 68, 195, 197, 198, 199, 74, 78, 80, 87, 89, 94, 100, 101, 102, 105, 111, 113, 117, 119, 120, 126}
Time elapsed second: 18402.3027677536
Time elapsed minutes: 306.7050461292267



