Start solving  anna.col
Found solution:  11.0
Problem INP: coloring/anna.col
Obj: 11.0
Color sets: [(1, 3, 4, 5, 10, 11, 15, 19, 22, 23, 24, 26, 27, 28, 31, 33, 34, 35, 38, 39, 40, 41, 44, 45, 48, 50, 51, 52, 55, 56, 58, 63, 66, 71, 75, 77, 80, 84, 86, 87, 88, 93, 103, 104, 105, 107, 110, 112, 113, 114, 118, 121, 122, 124, 125, 130, 132, 133, 134, 135, 137), (1, 2, 3, 5, 14, 17, 18, 24, 25, 30, 37, 38, 42, 43, 48, 54, 56, 61, 65, 66, 71, 73, 84, 86, 93, 98, 106, 109, 110, 111, 112, 117, 119, 125, 126, 128, 129, 131, 134), (1, 2, 4, 5, 9, 12, 13, 15, 22, 23, 24, 25, 27, 28, 31, 37, 38, 39, 41, 42, 43, 48, 49, 50, 52, 55, 56, 57, 63, 64, 66, 67, 71, 74, 80, 82, 84, 86, 87, 88, 98, 100, 107, 109, 111, 112, 113, 114, 115, 121, 125, 126, 128, 129, 132, 134), (1, 2, 3, 4, 5, 6, 7, 9, 10, 11, 15, 16, 22, 23, 24, 26, 27, 28, 29, 31, 34, 35, 37, 38, 39, 41, 42, 44, 48, 51, 55, 56, 59, 60, 62, 63, 65, 66, 67, 68, 70, 71, 75, 78, 80, 82, 84, 85, 86, 87, 88, 93, 96, 103, 104, 105, 106, 107, 110, 111, 113, 114, 119, 120, 121, 122, 124, 125, 128, 129, 131, 132, 137), (1, 2, 3, 4, 5, 6, 11, 13, 14, 15, 16, 17, 19, 23, 24, 27, 28, 31, 35, 39, 41, 42, 43, 44, 48, 52, 56, 58, 60, 62, 66, 67, 69, 71, 73, 75, 80, 81, 83, 84, 87, 88, 92, 95, 96, 105, 107, 111, 112, 113, 114, 118, 119, 121, 125, 128, 129, 130, 131, 132, 134, 137), (2, 3, 4, 8, 9, 10, 15, 23, 24, 25, 27, 29, 31, 32, 36, 38, 39, 40, 41, 42, 43, 44, 47, 50, 53, 54, 55, 56, 61, 63, 65, 68, 75, 78, 86, 87, 88, 90, 97, 102, 105, 107, 109, 110, 111, 112, 113, 114, 117, 119, 121, 124, 126, 128, 129, 131), (1, 2, 3, 4, 5, 8, 10, 11, 12, 14, 15, 16, 17, 23, 27, 31, 34, 39, 40, 42, 43, 44, 46, 48, 50, 51, 52, 53, 55, 58, 63, 65, 66, 71, 72, 75, 80, 82, 86, 87, 88, 90, 97, 103, 105, 107, 113, 114, 117, 119, 121, 124, 125, 127, 128, 129, 136, 137), (1, 2, 3, 4, 5, 6, 10, 11, 14, 15, 17, 22, 23, 24, 25, 26, 27, 31, 34, 35, 38, 39, 40, 41, 42, 43, 44, 48, 56, 60, 63, 65, 66, 69, 71, 75, 76, 77, 79, 80, 82, 87, 88, 93, 96, 102, 103, 104, 105, 106, 107, 109, 110, 111, 113, 114, 119, 121, 123, 124, 125, 128, 129, 131, 132, 138), (1, 2, 3, 4, 5, 6, 10, 11, 12, 13, 14, 15, 16, 17, 23, 24, 26, 27, 28, 31, 35, 37, 38, 39, 40, 42, 44, 46, 48, 53, 54, 56, 59, 63, 65, 66, 69, 71, 75, 76, 80, 82, 84, 87, 88, 89, 91, 92, 93, 94, 96, 101, 105, 106, 107, 109, 110, 111, 112, 113, 114, 117, 119, 121, 122, 124, 125, 127, 128, 129, 131, 132), (1, 2, 3, 4, 5, 6, 11, 14, 15, 19, 20, 22, 23, 27, 31, 38, 39, 42, 44, 47, 48, 55, 56, 57, 58, 64, 65, 66, 67, 71, 75, 79, 80, 82, 83, 86, 87, 88, 93, 96, 98, 100, 102, 103, 104, 105, 107, 108, 111, 113, 114, 116, 117, 118, 119, 121, 122, 125, 127, 129, 132, 134), (1, 2, 3, 4, 5, 8, 10, 11, 13, 14, 15, 16, 17, 19, 21, 22, 23, 24, 25, 26, 27, 29, 31, 35, 37, 38, 39, 40, 41, 42, 43, 48, 49, 50, 52, 55, 56, 60, 61, 65, 66, 67, 69, 70, 71, 75, 79, 80, 83, 84, 87, 88, 97, 99, 105, 107, 108, 109, 110, 111, 113, 114, 119, 120, 121, 124, 125, 126, 128, 129, 130, 134)]
Time elapsed second: 0.3115503787994385
Time elapsed minutes: 0.005192506313323975

Start configure david.col
Start conf model
End conf model
Start solving  david.col
Found solution:  11.0
Problem INP: coloring/david.col
Obj: 11.0
Color sets: [(3, 8, 10, 14, 15, 24, 25, 26, 35, 36, 38, 39, 41, 44, 47, 48, 55, 57, 59, 60, 62, 64, 65, 69, 75, 77, 78, 81, 82, 84), (13, 83), (2, 3, 6, 10, 14, 15, 24, 25, 26, 27, 30, 31, 36, 38, 41, 48, 50, 57, 62, 64, 65, 68, 70, 71, 75, 77, 78, 82), (1, 6, 24, 25, 26, 28, 30, 34, 36, 38, 41, 42, 45, 48, 49, 56, 57, 60, 62, 64, 65, 72, 75, 76, 78, 82, 86), (1, 6, 9, 10, 13, 22, 24, 25, 26, 28, 30, 31, 33, 35, 36, 37, 38, 41, 46, 48, 49, 62, 64, 65, 75, 78, 81, 82), (3, 4, 6, 7, 10, 17, 25, 26, 30, 38, 40, 41, 43, 44, 48, 51, 52, 56, 61, 62, 64, 65, 67, 70, 71, 75, 77, 78, 82, 86), (8, 10, 11, 12, 23, 25, 26, 28, 30, 31, 38, 41, 47, 48, 54, 56, 57, 58, 59, 60, 61, 62, 63, 64, 65, 66, 70, 75, 78, 82), (8, 9, 10, 15, 16, 24, 25, 26, 28, 31, 33, 35, 38, 39, 41, 47, 48, 52, 53, 59, 62, 64, 65, 73, 74, 75, 78, 79, 82, 85), (1, 6, 10, 13, 21, 25, 26, 28, 30, 36, 38, 40, 41, 44, 48, 49, 54, 56, 62, 64, 65, 70, 75, 77, 78, 80, 82, 86, 87), (1, 5, 10, 24, 25, 26, 29, 30, 32, 36, 38, 41, 43, 47, 48, 49, 51, 56, 57, 58, 62, 64, 65, 75, 76, 77, 82, 86), (6, 8, 10, 15, 18, 19, 20, 22, 25, 26, 28, 30, 36, 38, 41, 44, 48, 56, 57, 62, 64, 65, 67, 70, 75, 78, 82, 86)]
Time elapsed second: 0.07099103927612305
Time elapsed minutes: 0.001183183987935384

Start configure myciel2.col
Start conf model
End conf model
Start solving  myciel2.col
Found solution:  3.0
Problem INP: coloring/myciel2.col
Obj: 3.0
Color sets: [(1, 5), (1, 3), (2, 4)]
Time elapsed second: 0.03731679916381836
Time elapsed minutes: 0.000621946652730306

Problem INP: coloring/myciel3.col
Obj: 4.0
Color sets: [(1, 3, 6, 8), (1, 5, 6, 10), (2, 4, 7, 9), (3, 4, 11)]
Time elapsed second: 16.124536991119385
Time elapsed minutes: 0.26874228318532306
